
CIRCUIT ELEMENT POWER FLOW

(Power Flow into element from indicated Bus)

Power Delivery Elements

  Bus Phase     kW     +j   kvar         kVA         PF

ELEMENT = "Vsource.SOURCE"
RG60     1     -1411.8 +j   -699.7     1575.7       0.8960
RG60     2     -1044.4 +j   -477.0     1148.2       0.9096
RG60     3     -1470.2 +j   -699.4     1628.0       0.9030
   TERMINAL TOTAL -3926.3 +j  -1876.1     4351.5       0.9023
RG60     0         0.0 +j      0.0        0.0       1.0000
RG60     0         0.0 +j      0.0        0.0       1.0000
RG60     0         0.0 +j      0.0        0.0       1.0000
   TERMINAL TOTAL     0.0 +j      0.0        0.0       1.0000

ELEMENT = "Capacitor.CAP1"
675      1         0.0 +j   -191.8      191.8       1.0000
675      2         0.0 +j   -216.9      216.9       1.0000
675      3         0.0 +j   -184.3      184.3       1.0000
   TERMINAL TOTAL     0.0 +j   -593.0      593.0       1.0000
675      0         0.0 +j      0.0        0.0       1.0000
675      0         0.0 +j      0.0        0.0       1.0000
675      0         0.0 +j      0.0        0.0       1.0000
   TERMINAL TOTAL     0.0 +j      0.0        0.0       1.0000

ELEMENT = "Capacitor.CAP2"
611      3        -0.0 +j    -92.6       92.6       0.0000
   TERMINAL TOTAL    -0.0 +j    -92.6       92.6       0.0000
611      0         0.0 +j      0.0        0.0       1.0000
   TERMINAL TOTAL     0.0 +j      0.0        0.0       1.0000

ELEMENT = "Line.RG60632"
RG60     1      1411.8 +j    699.7     1575.7       0.8960
RG60     2      1044.4 +j    477.0     1148.2       0.9096
RG60     3      1470.2 +j    699.4     1628.0       0.9030
   TERMINAL TOTAL  3926.3 +j   1876.1     4351.5       0.9023
632      1     -1404.6 +j   -669.3     1555.9       0.9027
632      2     -1044.7 +j   -466.1     1144.0       0.9132
632      3     -1454.1 +j   -667.6     1600.0       0.9088
   TERMINAL TOTAL -3903.4 +j  -1803.0     4299.7       0.9078

ELEMENT = "Line.632670"
632      1      1244.0 +j    558.3     1363.6       0.9123
632      2       637.8 +j    182.4      663.3       0.9614
632      3      1218.9 +j    510.5     1321.4       0.9224
   TERMINAL TOTAL  3100.7 +j   1251.2     3343.6       0.9273
670      1     -1240.1 +j   -530.9     1348.9       0.9193
670      2      -640.4 +j   -180.3      665.3       0.9626
670      3     -1204.4 +j   -489.8     1300.2       0.9263
   TERMINAL TOTAL -3084.9 +j  -1201.1     3310.4       0.9319

ELEMENT = "Line.670671"
670      1      1223.1 +j    520.9     1329.4       0.9200
670      2       574.4 +j    142.3      591.7       0.9706
670      3      1087.4 +j    421.8     1166.4       0.9323
   TERMINAL TOTAL  2884.9 +j   1085.1     3082.2       0.9360
671      1     -1212.6 +j   -459.9     1296.9       0.9350
671      2      -580.8 +j   -138.5      597.0       0.9727
671      3     -1060.2 +j   -387.5     1128.8       0.9392
   TERMINAL TOTAL -2853.5 +j   -985.9     3019.0       0.9452

ELEMENT = "Line.671680"
671      1        -0.0 +j     -0.0        0.0       0.0188
671      2         0.0 +j     -0.0        0.0      -0.0086
671      3         0.0 +j     -0.0        0.0      -0.0095
   TERMINAL TOTAL     0.0 +j     -0.0        0.0      -0.0000
680      1         0.0 +j     -0.0        0.0      -0.7920
680      2         0.0 +j      0.0        0.0       0.8129
680      3        -0.0 +j     -0.0        0.0       0.5374
   TERMINAL TOTAL     0.0 +j     -0.0        0.0      -0.6225

ELEMENT = "Line.632633"
632      1       160.5 +j    111.0      195.2       0.8225
632      2       120.1 +j     90.5      150.4       0.7987
632      3       120.4 +j     90.5      150.6       0.7995
   TERMINAL TOTAL   401.1 +j    292.0      496.1       0.8085
633      1      -160.2 +j   -110.5      194.6       0.8232
633      2      -120.0 +j    -90.2      150.1       0.7992
633      3      -120.1 +j    -90.2      150.2       0.7996
   TERMINAL TOTAL  -400.3 +j   -290.9      494.9       0.8089

ELEMENT = "Line.633634"
633      1       160.2 +j    110.5      194.6       0.8232
633      2       120.0 +j     90.2      150.1       0.7992
633      3       120.1 +j     90.2      150.2       0.7996
   TERMINAL TOTAL   400.3 +j    290.9      494.9       0.8089
634      1      -160.0 +j   -110.0      194.2       0.8240
634      2      -120.0 +j    -90.0      150.0       0.8000
634      3      -120.0 +j    -90.0      150.0       0.8000
   TERMINAL TOTAL  -400.0 +j   -290.0      494.1       0.8096

ELEMENT = "Line.632645"
632      3       114.8 +j     66.6      132.7       0.8650
632      2       286.8 +j    193.2      345.9       0.8294
632      1        -0.0 +j     -0.0        0.0       0.0030
   TERMINAL TOTAL   401.7 +j    259.8      478.4       0.8397
645      3      -114.9 +j    -66.3      132.7       0.8662
645      2      -285.2 +j   -191.2      343.4       0.8306
645      1         0.0 +j      0.0        0.0       0.0011
   TERMINAL TOTAL  -400.2 +j   -257.5      475.9       0.8409

ELEMENT = "Line.645646"
645      3       114.9 +j     66.3      132.7       0.8662
645      2       115.2 +j     66.2      132.9       0.8670
645      1        -0.0 +j     -0.0        0.0       0.0011
   TERMINAL TOTAL   230.2 +j    132.5      265.6       0.8666
646      3      -115.0 +j    -66.0      132.6       0.8673
646      2      -115.0 +j    -66.0      132.6       0.8673
646      1        -0.0 +j     -0.0        0.0       0.0774
   TERMINAL TOTAL  -230.0 +j   -132.0      265.2       0.8673

ELEMENT = "Line.692675"
692      1       353.9 +j     48.1      357.1       0.9909
692      2       114.7 +j    -42.8      122.5      -0.9368
692      3       242.7 +j     63.1      250.8       0.9679
   TERMINAL TOTAL   711.3 +j     68.4      714.6       0.9954
675      1      -353.4 +j    -45.7      356.3       0.9917
675      2      -115.0 +j     43.0      122.8      -0.9367
675      3      -241.9 +j    -62.5      249.8       0.9682
   TERMINAL TOTAL  -710.3 +j    -65.1      713.3       0.9958

ELEMENT = "Line.671684"
671      1       128.3 +j     86.7      154.8       0.8285
671      3       170.4 +j    -11.7      170.8      -0.9976
671      2         0.0 +j     -0.0        0.0      -0.0086
   TERMINAL TOTAL   298.7 +j     75.0      308.0       0.9699
684      1      -128.2 +j    -86.5      154.6       0.8289
684      3      -170.2 +j     12.0      170.6      -0.9975
684      2        -0.0 +j      0.0        0.0      -0.0088
   TERMINAL TOTAL  -298.4 +j    -74.5      307.5       0.9702

ELEMENT = "Line.684611"
684      3       170.2 +j    -12.0      170.6      -0.9975
684      2         0.0 +j     -0.0        0.0      -0.0087
684      1        -0.0 +j     -0.0        0.0       0.0191
   TERMINAL TOTAL   170.2 +j    -12.0      170.6      -0.9975
611      3      -170.0 +j     12.6      170.4      -0.9973
611      2         0.0 +j      0.0        0.0       0.7214
611      1         0.0 +j     -0.0        0.0      -0.7919
   TERMINAL TOTAL  -170.0 +j     12.6      170.4      -0.9973

ELEMENT = "Line.684652"
684      1       128.2 +j     86.5      154.6       0.8289
684      2         0.0 +j     -0.0        0.0      -0.0089
684      3         0.0 +j     -0.0        0.0      -0.0093
   TERMINAL TOTAL   128.2 +j     86.5      154.6       0.8289
652      1      -128.0 +j    -86.0      154.2       0.8300
652      2        -0.0 +j     -0.0        0.0       0.6676
652      3         0.0 +j     -0.0        0.0      -0.8433
   TERMINAL TOTAL  -128.0 +j    -86.0      154.2       0.8300

ELEMENT = "Line.671692"
671      1       438.9 +j    123.7      456.0       0.9625
671      2       114.7 +j    -42.8      122.5      -0.9368
671      3       327.7 +j    138.6      355.8       0.9211
   TERMINAL TOTAL   881.3 +j    219.4      908.2       0.9704
692      1      -438.9 +j   -123.7      456.0       0.9625
692      2      -114.7 +j     42.8      122.5      -0.9368
692      3      -327.7 +j   -138.6      355.8       0.9211
   TERMINAL TOTAL  -881.3 +j   -219.4      908.2       0.9704

ELEMENT = "Line.671700"
671      1       260.4 +j     29.5      262.1       0.9936
671      2        81.0 +j    -38.7       89.8      -0.9024
671      3       177.1 +j     40.7      181.7       0.9745
   TERMINAL TOTAL   518.5 +j     31.6      519.5       0.9982
700      1      -260.4 +j    -29.5      262.1       0.9936
700      2       -81.0 +j     38.7       89.8      -0.9024
700      3      -177.1 +j    -40.7      181.7       0.9745
   TERMINAL TOTAL  -518.5 +j    -31.6      519.5       0.9982

ELEMENT = "Line.700701"
700      1       265.4 +j     36.1      267.8       0.9909
700      2        86.0 +j    -32.1       91.8      -0.9368
700      3       182.1 +j     47.3      188.1       0.9679
   TERMINAL TOTAL   533.5 +j     51.3      536.0       0.9954
701      1      -265.0 +j    -34.3      267.2       0.9917
701      2       -86.3 +j     32.3       92.1      -0.9367
701      3      -181.4 +j    -46.9      187.4       0.9682
   TERMINAL TOTAL  -532.7 +j    -48.9      535.0       0.9958

ELEMENT = "Line.701702"
701      1       260.0 +j     32.6      262.1       0.9922
701      2        81.3 +j    -33.9       88.1      -0.9229
701      3       176.4 +j     45.2      182.1       0.9687
   TERMINAL TOTAL   517.7 +j     43.9      519.6       0.9964
702      1      -260.0 +j    -32.6      262.1       0.9922
702      2       -81.3 +j     33.9       88.1      -0.9229
702      3      -176.4 +j    -45.2      182.1       0.9687
   TERMINAL TOTAL  -517.7 +j    -43.9      519.6       0.9964

ELEMENT = "Line.702703"
702      1       243.4 +j     25.9      244.7       0.9944
702      2        64.6 +j    -40.6       76.3      -0.8468
702      3       159.7 +j     38.5      164.3       0.9721
   TERMINAL TOTAL   467.7 +j     23.9      468.3       0.9987
703      1      -243.4 +j    -25.9      244.7       0.9944
703      2       -64.6 +j     40.6       76.3      -0.8468
703      3      -159.7 +j    -38.5      164.3       0.9721
   TERMINAL TOTAL  -467.7 +j    -23.9      468.3       0.9987

ELEMENT = "Line.703800"
703      1       198.4 +j     -7.4      198.5      -0.9993
703      2        19.6 +j    -73.9       76.5      -0.2565
703      3       114.7 +j      5.2      114.9       0.9990
   TERMINAL TOTAL   332.7 +j    -76.1      341.3      -0.9748
800      1      -198.4 +j      7.4      198.5      -0.9993
800      2       -19.6 +j     73.9       76.5      -0.2565
800      3      -114.7 +j     -5.2      114.9       0.9990
   TERMINAL TOTAL  -332.7 +j     76.1      341.3      -0.9748

ELEMENT = "Line.800801"
800      1       198.4 +j     -7.4      198.5      -0.9993
800      2        19.6 +j    -73.9       76.5      -0.2565
800      3       114.7 +j      5.2      114.9       0.9990
   TERMINAL TOTAL   332.7 +j    -76.1      341.3      -0.9748
801      1      -198.4 +j      7.4      198.5      -0.9993
801      2       -19.6 +j     73.9       76.5      -0.2565
801      3      -114.7 +j     -5.2      114.9       0.9990
   TERMINAL TOTAL  -332.7 +j     76.1      341.3      -0.9748

ELEMENT = "Line.801675"
801      1       131.7 +j    -47.4      140.0      -0.9409
801      2       -47.0 +j   -113.9      123.3       0.3817
801      3        48.1 +j    -34.8       59.4      -0.8101
   TERMINAL TOTAL   132.7 +j   -196.1      236.8      -0.5604
675      1      -131.7 +j     47.4      140.0      -0.9409
675      2        47.0 +j    113.9      123.3       0.3817
675      3       -48.1 +j     34.8       59.4      -0.8101
   TERMINAL TOTAL  -132.7 +j    196.1      236.8      -0.5604

= = = = = = = = = = = = = = = = = = =  = = = = = = = = = = =  = =

Power Conversion Elements

  Bus Phase     kW   +j  kvar         kVA         PF

ELEMENT = "Load.671"
671      1     385.0 +j  220.0      443.4       0.8682
671      2     385.0 +j  220.0      443.4       0.8682
671      3     385.0 +j  220.0      443.4       0.8683
671      0       0.0 +j    0.0        0.0       1.0000
  TERMINAL TOTAL   1155.0 +j    660.0     1330.3       0.8682

ELEMENT = "Load.634A"
634      1     160.0 +j  110.0      194.2       0.8240
634      0       0.0 +j    0.0        0.0       1.0000
  TERMINAL TOTAL    160.0 +j    110.0      194.2       0.8240

ELEMENT = "Load.634B"
634      2     120.0 +j   90.0      150.0       0.8000
634      0       0.0 +j    0.0        0.0       1.0000
  TERMINAL TOTAL    120.0 +j     90.0      150.0       0.8000

ELEMENT = "Load.634C"
634      3     120.0 +j   90.0      150.0       0.8000
634      0       0.0 +j    0.0        0.0       1.0000
  TERMINAL TOTAL    120.0 +j     90.0      150.0       0.8000

ELEMENT = "Load.645B"
645      2     170.0 +j  125.0      211.0       0.8056
645      0       0.0 +j    0.0        0.0       1.0000
  TERMINAL TOTAL    170.0 +j    125.0      211.0       0.8056

ELEMENT = "Load.646BC"
646      2     115.0 +j   66.0      132.6       0.8673
646      3     115.0 +j   66.0      132.6       0.8673
646      0       0.0 +j    0.0        0.0       1.0000
  TERMINAL TOTAL    230.0 +j    132.0      265.2       0.8673

ELEMENT = "Load.692"
692      3      85.0 +j   75.5      113.7       0.7477
692      1      85.0 +j   75.5      113.7       0.7476
692      0       0.0 +j    0.0        0.0       1.0000
  TERMINAL TOTAL    170.0 +j    151.0      227.4       0.7477

ELEMENT = "Load.675A"
675      1     485.0 +j  190.0      520.9       0.9311
675      0       0.0 +j    0.0        0.0       1.0000
  TERMINAL TOTAL    485.0 +j    190.0      520.9       0.9311

ELEMENT = "Load.675B"
675      2      68.0 +j   60.0       90.7       0.7498
675      0       0.0 +j    0.0        0.0       1.0000
  TERMINAL TOTAL     68.0 +j     60.0       90.7       0.7498

ELEMENT = "Load.675C"
675      3     290.0 +j  212.0      359.2       0.8073
675      0       0.0 +j    0.0        0.0       1.0000
  TERMINAL TOTAL    290.0 +j    212.0      359.2       0.8073

ELEMENT = "Load.611C"
611      3     170.0 +j   80.0      187.9       0.9048
611      0       0.0 +j    0.0        0.0       1.0000
  TERMINAL TOTAL    170.0 +j     80.0      187.9       0.9048

ELEMENT = "Load.652"
652      1     128.0 +j   86.0      154.2       0.8300
652      0       0.0 +j    0.0        0.0       1.0000
  TERMINAL TOTAL    128.0 +j     86.0      154.2       0.8300

ELEMENT = "Load.670A"
670      1      17.0 +j   10.0       19.7       0.8619
670      0       0.0 +j    0.0        0.0       1.0000
  TERMINAL TOTAL     17.0 +j     10.0       19.7       0.8619

ELEMENT = "Load.670B"
670      2      66.0 +j   38.0       76.2       0.8666
670      0       0.0 +j    0.0        0.0       1.0000
  TERMINAL TOTAL     66.0 +j     38.0       76.2       0.8666

ELEMENT = "Load.670C"
670      3     117.0 +j   68.0      135.3       0.8646
670      0       0.0 +j    0.0        0.0       1.0000
  TERMINAL TOTAL    117.0 +j     68.0      135.3       0.8646

ELEMENT = "Load.700"
700      1       3.3 +j    1.0        3.5       0.9578
700      2       3.3 +j    1.0        3.5       0.9578
700      3       3.3 +j    1.0        3.5       0.9578
700      0       0.0 +j    0.0        0.0       1.0000
  TERMINAL TOTAL     10.0 +j      3.0       10.4       0.9578

ELEMENT = "Load.701"
701      1       5.0 +j    1.7        5.3       0.9487
701      2       5.0 +j    1.7        5.3       0.9487
701      3       5.0 +j    1.7        5.3       0.9487
701      0       0.0 +j    0.0        0.0       1.0000
  TERMINAL TOTAL     15.0 +j      5.0       15.8       0.9487

ELEMENT = "PVSystem.PV_MG1B"
700      1      -8.3 +j   -7.6       11.3       0.7400
700      2      -8.3 +j   -7.6       11.3       0.7400
700      3      -8.3 +j   -7.6       11.3       0.7400
700      0       0.0 +j    0.0        0.0       1.0000
  TERMINAL TOTAL    -25.0 +j    -22.7       33.8       0.7400

ELEMENT = "Load.702"
702      1      16.7 +j    6.7       18.0       0.9285
702      2      16.7 +j    6.7       18.0       0.9285
702      3      16.7 +j    6.7       17.9       0.9285
702      0       0.0 +j    0.0        0.0       1.0000
  TERMINAL TOTAL     50.0 +j     20.0       53.9       0.9285

ELEMENT = "Load.703"
703      1      45.0 +j   33.3       56.0       0.8036
703      2      45.0 +j   33.3       56.0       0.8035
703      3      45.0 +j   33.3       56.0       0.8036
703      0       0.0 +j    0.0        0.0       1.0000
  TERMINAL TOTAL    135.0 +j    100.0      168.0       0.8036

ELEMENT = "PVSystem.PV_MG1A"
703      1       0.0 +j    0.0        0.0       1.0000
703      2       0.0 +j    0.0        0.0       1.0000
703      3       0.0 +j    0.0        0.0       1.0000
703      0       0.0 +j    0.0        0.0       1.0000
  TERMINAL TOTAL      0.0 +j      0.0        0.0       1.0000

ELEMENT = "Load.801"
801      1      66.7 +j   40.0       77.8       0.8575
801      2      66.7 +j   40.0       77.7       0.8575
801      3      66.7 +j   40.0       77.7       0.8575
801      0       0.0 +j    0.0        0.0       1.0000
  TERMINAL TOTAL    200.0 +j    120.0      233.2       0.8575


Total Circuit Losses =   75.3 +j  234.5
